Estabelecimento Prisional de Lisboa
25
382410687
382410789
382410784
382410779
382410775
382410770
382410766
382410763
382410759
382410756
382410752
382410749
382410747
382410745
382410741
382410737
382410733
382410718
382410714
382410709
382410705
382410701
382410696
382410692
382410687
Estabelecimento Prisional de Lisboa
10
776542201
776542211
776542221
776542232
776542238
776542242
776542250
776542257
776542267
776542201
Tribunal
5
1152804430
1152803983
1152804370
1152804301
1152804430
Procuradoria Geral da Republica
23
1120031130
1120030996
1120030906
1120031039
1120030944
1120031162
1120031104
1120031152
1120030899
1120030935
1120030928
1120030934
1120030960
1120042225
1120042002
1120042075
1120042240
1120041964
1120042273
1120042120
1120042054
1120031118
1120030921
PSP - Divisao de Transito
1
676804525
Esquadra Carnide
1
846906930
PSP - 19a Esquadra
1
1301579633
Policia Municipal Lisboa
19
486207961
379586865
486207964
1176877814
1176927802
486207972
1176927856
1176927763
1176878062
1176927740
486207973
486207983
1176927665
1176927849
486207987
486207990
1176927676
486207996
486207961
PSP - 21a Esquadra
5
778098777
778098822
778098743
778098770
778098777
Policia de Seguranca Publica - 5a Esquadra - Boavista
5
1116712923
1116712524
1116712746
1116712957
1116712923
ASAE - Sede
11
1131133843
1131133864
1131133756
1131133517
1131134030
1131134048
1131133823
1131133800
1131133874
1131133538
1131133843
PSP - 3a Divisao Polical / 20a Esquadra (Benfica) / Esquadra de Investigacao Criminal de Lisboa
13
1144618147
1144618130
1144618143
1144618151
1144618162
1144618129
1144618148
1144618133
1144618150
1144618145
1144618149
1144618128
1144618147
Policia Judiciaria
6
1151974071
1151977094
1151976997
1151974256
1151977089
1151974071
Policia Judiciaria
26
1151974706
1151976336
1151976660
1151976845
1151975889
1151975233
1151976745
1151975217
1151976827
1151976494
1151975541
1151975846
1151976267
1151976785
1151974613
1151976613
1151976648
1151975246
1151974708
1151974802
1151974703
1151977029
1151975865
1151975857
1151975625
1151974706
PSP
5
1338907026
1338907024
470537437
1338907023
1338907026